[Normal]
; This region info generated by Winamp region.txt generator which is made by Maxim.

NumPoints=4,4,4,4,4,4,4,4,4,4,4,4,4,4,4,4,4,4,4,4,4,4,4
PointList=22,0 275,0 275,116 22,116 21,1 275,1 275,116 21,116 20,2 275,2 275,116 20,116 19,3 275,3 275,116 19,116 18,4 275,4 275,116 18,116 17,5 275,5 275,116 17,116 16,6 275,6 275,116 16,116 15,7 275,7 275,116 15,116 14,8 275,8 275,116 14,116 13,9 275,9 275,116 13,116 12,10 275,10 275,116 12,116 11,11 275,11 275,116 11,116 10,12 275,12 275,116 10,116 9,13 275,13 275,116 9,116 8,14 275,14 275,116 8,116 7,15 275,15 275,116 7,116 6,16 275,16 275,116 6,116 5,17 275,17 275,116 5,116 4,18 275,18 275,116 4,116 3,19 275,19 275,116 3,116 2,20 275,20 275,116 2,116 1,21 275,21 275,116 1,116 0,22 275,22 275,116 0,116


[Equalizer]
NumPoints=4
PointList=0,0 275,0 275,108 0,108

